1                                                                                    
200010185212                                                                         
200010256713                                                                         
200010434214                                                                         
200010257911                                                                         
20001027291Z                                                                         
200010141911                                                                         
200010141926                                                                         
200010266619                                                                         
200010346510                                                                         
200010221130                                                                         
8000010000684013020000002000000003001000008000600000001                              
9                                                                                    
